1015473069028370782
1019166194271550656
1040515186331648966
1082144125970170219
1083973020470850683
1108225741560321940
1116944491440606161
1121636617370503474
1143416604975439981
1152884947095973417
1158653941951059103
1165511492065426521
1178124776606283448
1240607603007955592
1245436115902880933
1250188823757774534
1251221512850544819
1260519643769711196
1268989612974492150
1275591362165967128
1298359145572159555
1300036068227853176
1319841516489777290
1324339873015281137
1326955637966033353
1338811165573138350
1343246993236036474
1358778368051528406
1363045401475105957
1410108101125716159
1412238893644478862
1437156562657964784
1453347514090828469
1457339161569472824
1459062725029528764
1493981763900404355
1520998841560608024
1538288299914763642
1541531405544512557
1553917208979699167
1558242835144057134
1571028476005329897
1580210780948735532
1582522695192651625
159533798819961356
1644011533750939409
165601030054357971
1657066644123756266
1662969983157039540
1665547043318497687
1706766949572768501
1711666701877761482
1726162488221819888
1732033201847024753
1758466412052832828
1773204924520084447
1805045947025165563
18310847763258962
1836644869701642143
1942250805573331443
1942286521071568010
1978400606950870317
2002277889417330070
2004732479236517543
200747146265337882
2016359491856667030
2039222636653153340
2057644966152630989
2072352191599489238
2093519157059133532
2106147760117724117
2126574070209532720
2137972329623708268
2164074362871265847
218239103569622689
2191093048001105071
2211669594496907044
2217889073520782086
2257170818540986336
2284973752870318787
2285040902402289261
2299056814741361420
2338555994801656567
234764306840332720
2359732295652105745
2365573461664881880
2429388275905791474
2430715517694965548
2441089937982500864
2487038702533547820
2493146017841318899
2521825238893945093
2548313020210445090
2569838795753374990
257620877838585286
263057465103901380
2650012210436373670
2659381758274995738
2661086521254664393
2676043111071015400
2677689405371827844
2700291911224503637
2702983118593768650
2704556499454692300
273096696427381350
2752263114404564118
2755813071540243857
2757209858371514924
2866830499484396939
2880188199979334118
2884106781799684257
2893259522677079759
289459366389518057
293259780369952490
2933883280911222661
2995379834944812960
3001651128396604222
3030519169363828393
3032997093730839458
304304158620571768
3046037241830202082
3051461937619899459
3080844405972690775
3097157206207114646
3116039173284686797
3135879625142940282
315055376686836395
3177643709891997316
3182409501650102631
319306928012421294
3209715661417128502
3243580291161990034
3247798099670535611
326881061215958293
3269430535036936480
329019729947290530
329022972023668301
3293738039505856983
3312982379403745072
3319097684414273158
3319710954803433302
332364819852684021
3332489129394707506
3335984105544669534
3342781634164539334
334773029379522279
3357673361389079814
3369980147164487306
3400205018219603325
3411219703029189434
3430248643138206421
3445128498545112005
3458195991394992720
3462339661349784295
3469444538644482165
3497968225683211949
3502037389404064662
350360155403323725
3508343258362372537
3516087851745436980
3525626273351147180
3542297400863916116
3552493897063259845
3556765551771847573
3585447267722561859
3594037316172378448
3617075005090958008
3662073183584933329
3667723732209150616
367132169109224013
3690691366201808700
3746415149602898562
3757414765079242432
376025492351452529
3770795444907720884
3775595092073664080
3779670118941810935
3857965705286803380
3877119230843146010
3886534703479837641
3910097116214186276
3915044082757375123
3968535089226905117
4011386673091494175
403898271717014656
4072826348990632692
4077471393473531586
4081991918900827934
4089677097126382948
4091714449953272856
4092572988944932626
4093127986705414699
4099638501953200176
4104378086690224437
4107169418146149259
4117577654260728162
4126546787121920458
4138568632227821549
4141451691092357466
4142711424615385213
414983723709831426
4202972166938106037
4219733058609171832
4221700669877576572
4279689808376997987
4291669946067714052
4295724251069068435
4313495767380782889
4336315944851391677
4362163285064088433
4384175327246089073
4393320717013997395
4402121289204955916
4414344947571460848
4417002226369399699
4431508715026942902
4475407652651031876
4544657901828729742
4546305171926215573
4550190633303138658
4558134541381859884
4569806752931194536
4571554852904511521
4573397169699470351
4574034889601314313
4580631197608391463
4597069956288365465
4608155057287600162
4609682902095444138
4618688071818211274
4677508367143094035
4702424657530296470
4706723697259316700
4710004995199735572
4710550304832512546
4735377608605188145
4746768002356765058
4754551181929237210
4756165337847559826
4774098636330875836
4777776135034521328
478200923835889374
4798732095533068520
4810986476138542992
4827389776757981013
4830386828865143474
4842455417317301578
4852340377661711126
4859551209642664670
48647994934881449
4874838954532786685
4916551298605286505
4926137485732095002
4944289234557779488
4970870687733451219
4990091269861187377
5017363655256972237
504544941541966586
5046953986164558220
5052140584686933061
5068583340450174996
509553428292855417
5116626260313965799
5116757812079386722
5124108367048882590
5128139652020857034
5144504517678593948
5163385324807376648
5183567488927381072
5184882267357891753
518594030645910040
5190642697348917369
5212456475461103651
521607170882111072
5221633527701606250
5235584825085714832
524855442266427407
5249914456933333626
5257390071222318755
5260613583745430102
5286377227857945818
539288581328172947
5413965276423418483
5423058429562667739
5435775378304553654
5447757914361991958
5454851942529113552
5496658077516911738
5507653715929832431
5547703026837691471
5560209750762875140
5573731454801112193
5636738481512367331
563808399162306484
5652705355656047607
5656395066620917298
5694625135279426785
5753149933838534174
576794736283080268
5810998305537572531
5814394463326767553
5816451415064168005
5817282119007009817
5870823843491418451
5951585425795067802
5992068188600816535
6024599953882027838
6025739690773866207
6048885898277490612
6052741535543400098
6052746252620926908
6107695826979933765
6109054508056009300
6118644979344043429
6128437091867127015
613429502187941968
6144175255257949718
6147062194030235927
6151940827149380415
6159081131498225993
619826675916286047
6246303851567258484
6265955764132967373
6304644403339057864
6325490634151041576
633608899094965543
635588336448584675
6390527820466934655
6441582856742389352
645523001592653714
6457710756356927438
6465514771727809518
6466063952419818881
6513691514708620996
6518466790000963885
6531417647920172229
6534765584534012129
6548660869754082040
6558664742123488578
6573180750750523285
6578098808297027328
6585751999292051602
6595143223939689956
6596799537764251283
6608398666492965293
6661448703233658884
6664074925891486627
6667876379223355072
6670098414961281700
6695795020503869040
6708835633653053869
6711749946060452324
6745812398737066321
6761318691793618392
6781840049282855192
6786485469704374442
6787525631663489358
679288012908042670
6833383681975482423
6836770416433650591
6853799161036523054
6856188246140828350
6872710357273859983
68931393415298133
690555588868569561
6937332239570988955
6969320982875437890
6985409471632896501
6993327942652368577
7023271533989819574
7048977243123337763
705924667653221282
7113773677844601951
7132315682744631452
7154306537806895851
7170950261936823103
7208064941752704118
7232540938737618989
7244046233417750456
7250188453378981837
7252248771383898091
7274828222913440154
7285146390116158673
7305334748306189935
737476694266849095
7379093128529608004
7392611752985225097
7414093766870369461
7459442996605531245
7481029815917036268
7527961855696633129
7578603011111791682
7582819541669608648
7592433308385390395
7592546354166906702
759666565561481511
7598165627646605424
7599896588144811256
7607712486872516413
7616125047484137444
7634406249557578229
7644357070490020992
7645307617700670261
768603051465470982
769372402771156
7708431163710221076
7714895885382023759
7717561387796735960
7723868033326166255
7736068557541816601
7741495571254514568
7753061482880221711
7782127856350821302
784804202847390430
7856443614558493762
7858409353121371209
7866807058356753493
7869323324800403069
7905673120352260925
7909584425771172163
792559353691139942
7932955538948775717
7955587939316065361
7985131057032712123
798819035424054246
7989446607223804490
7999316012370630181
8007176677436260340
8009182138994725623
8016960977696156771
8040253190913088622
8050380097122710594
8051573696340271228
8053084724631389912
8061645841524407439
8068376594764060070
8093220164264777317
8099580788904455930
8115220711410188335
8116850707622084177
8120731189702146753
8126860115656693207
8166580144553580536
8188893632486142764
8203975076934130279
8214056645252525029
8215358775533970040
822639794117144082
8235070277019535400
825203339104401117
8308955291544434959
8349876560329139104
839344845809464148
8413675233556729440
8440538205347202964
8443908795500477246
8452244462089076654
8452995522905487210
8485538164037562253
8520839073653559871
8529676553986600972
8531814167572274411
856827047555432328
8568792308412324848
8588189886030974919
8627479285071585176
8676439434476923161
868515479972200909
8695718390581447939
8702384132164252797
872327464140909416
8727326154984206427
8728586505439866243
8760868142871103862
877002895349561947
8781235332817127797
8789735439087519228
8798907919458452129
8799628137099325836
8824740105025169764
8841012388605222376
8890166398344060190
890194786213050920
8909606798347362665
8927511467103078140
8945674734068423075
8980776736077627143
9007446203311311460
90346881758859283
9106875565359437638
9116448465904824194
914724916361726930
9181011652052321251
9219199661302777172
929231235858939648
940132037400710636
941159416206962347
95684439769532361
965704189455547442
97869500956096047
