1169089424364679180
1205043859388862788
140022567823035473
1443635317331776148
1598098976185383115
172599000578986641
1727040455672546632
1874068156324778273
1976235410884491574
2015796113853353331
2184302455902443631
2202916659517317514
2338498362660772719
2568779411109623071
261049867304784443
2610529275472644968
2703387474910584091
2703501726821866378
2740103009342231109
2740376916591569721
2775422040480279449
2855080522645481923
2933568871211445515
2970700287221458280
3208433371172798727
3209308858241334655
3328451335138149956
3409814636252858217
3510942875414458836
3724427934598140041
3751484601049614879
3784560248718450071
3902890183311134652
3906588315672313728
3916589616287113937
3990936847941512656
4037200794235010051
4324745483838182873
4548432111829895923
4643845980260869037
4739111663495868
4751997750760398084
4831389563158288344
4893789450120281907
4937104021912138218
5018949295715050020
5074209722772702441
5089134323978233018
5199948958991797301
5263531936693774911
5486140987150761883
5577006791947779410
5600924393587988459
5743654948930018631
5751776211841778805
5765484004404056823
5793183108815074904
5944830206637008055
5990482929064819019
605394647632969758
6078483789577219757
6129484611666145821
6175742077372812453
6263450610539110790
6281838661429879825
6296367092202729479
6334824724549167320
6382800227808658932
6426100070888298971
6556961545928831643
6627273654189079311
6651414131918424343
6725505124774569258
6842348953158377901
685213522303989579
6971241403795498694
7273596521315663110
7301888237939937549
732830328053361739
7504504064263669287
7660323324116104765
788787457839692041
7892480169203193667
7955079406183515637
7981306761429961588
8121576815539813105
8249030965139585917
8267293389953062911
8273290538659802269
8505906760983331750
8549944162621642512
8603989663476771718
8674665223082153551
8807817071862113702
894385949183117216
898860202204764712
8995016276575641803
9010467728050264449
9029029644282286269
9093919513921919021
